-8104.110534667969
-8122.588317871094
-8049.656982421875
-7904.828582763672
-7654.997039794922
-5640.237899780273
-2926.008476257324
-2805.1879959106445
-3210.96484375
-3245.9354400634766
-3527.5070724487305
-2428.9914169311523
-2092.9716758728027
-2316.0263061523438
-2425.956558227539
-2496.6052627563477
-2216.9787521362305
-2570.9691162109375
-2209.4986572265625
-1235.795648574829
-1114.3457870483398
-1292.1250190734863
-1399.0324058532715
-634.5069699287415
-215.9128692150116
-292.61656450107694
-67.34431847929955
-10.818298995494843
-194.45809721946716
-420.796186208725
-347.04288125038147
-308.9010190963745
-481.68620097637177
-758.1362709999084
-771.6452751159668
-744.1138172149658
-1437.4254531860352
-2181.208824157715
-1968.513916015625
-1441.9670906066895
-1520.1217765808105
-1818.7987899780273
-1903.2499465942383
-1792.90726852417
-1344.2431449890137
-1824.7820892333984
-1759.5403633117676
-1910.370994567871
-1721.6243476867676
-1020.0054931640625
-1216.8936214447021
-1303.0084228515625
-1433.686912536621
-1026.4062917232513
-1359.6487312316895
-1228.6230354309082
-1573.2918395996094
-962.8835716247559
-1065.623278617859
-1010.0696086883545
-882.7027578353882
-1294.3522968292236
-1620.5898361206055
-2080.3308334350586
-1599.825595855713
-1536.2842407226562
-1852.0439262390137
-2020.794677734375
-1884.9586791992188
-1677.3838195800781
-2480.6925354003906
-2245.5799255371094
-2214.780258178711
-2281.6920166015625
-2041.9694519042969
-2135.3013076782227
-1153.9145278930664
-1060.4894313812256
-1502.2238121032715
-1811.4126834869385
-1217.4431858062744
-1063.3715076446533
-1081.2927989959717
-676.0565285682678
-607.5154093503952
-639.1514202356339
-612.0262575149536
-669.8845911026001
-736.0430526733398
-752.0751953125
-832.2543048858643
-658.6303977966309
-563.91583776474
-493.92183446884155
-611.6919574737549
-933.3030479252338
-791.8876399993896
-629.0136280059814
-559.0642347335815
-856.3448398113251
