0.17125
0.16725
0.16325
0.162
0.17325
0.231
0.305
0.3205
0.31175
0.32325
0.3315
0.32975
0.331
0.31925
0.32675
0.3335
0.33575
0.338
0.33775
0.33825
0.33275
0.3085
0.29775
0.31725
0.3355
0.33725
0.33975
0.341
0.34075
0.3285
0.33425
0.3415
0.341
0.3415
0.34375
0.3495
0.33675
0.3525
0.3685
0.36525
0.355
0.37175
0.37325
0.3705
0.3835
0.39175
0.3895
0.3945
0.4065
0.4025
0.4055
0.40875
0.3985
0.3965
0.413
0.42275
0.41925
0.41625
0.4205
0.4215
0.42875
0.426
0.40625
0.416
0.418
0.4175
0.43025
0.42875
0.4175
0.41225
0.4185
0.42425
0.424
0.425
0.432
0.43625
0.44925
0.456
0.4435
0.43975
0.435
0.42875
0.443
0.44275
0.45725
0.462
0.45475
0.459
0.46075
0.44625
0.4295
0.4445
0.44675
0.457
0.45575
0.458
0.456
0.435
0.40475
0.43275
