-4648.225021362305
-4723.558731079102
-4764.5870361328125
-4691.386871337891
-4309.318771362305
-2547.8102798461914
-625.5853414535522
-165.2491248846054
-73.42094369232655
-109.96570208668709
-27.060678403824568
-13.57130192965269
-50.449876468628645
-55.81983695179224
-53.52529777958989
-26.84657349390909
-15.213412432465702
-11.514889833983034
-3.535425301641226
-21.79109439998865
-38.975657895207405
-39.296235357411206
-0.13862454472109675
-20.409132297034375
-15.619446642231196
-3.124350024620071
-6.536120526929153
-0.5115585708990693
-24.55240996554494
-40.30075548402965
-90.4367173910141
-64.6423053983599
-44.880699082277715
-70.79374211281538
-96.94873723573983
-536.0444374084473
-1046.9459800720215
-928.0539572238922
-586.2214407920837
-529.1826572418213
-418.9560704231262
-226.1501910686493
-192.0410013049841
-212.05339014530182
-289.5592107772827
-251.83670669794083
-353.3602907434106
-242.44572234153748
-97.08707237616181
-170.7743639945984
-133.488607943058
-130.82784813642502
-158.4129336476326
-122.73955175280571
-45.28356744349003
-88.52736618369818
-37.14349069446325
-67.404221996665
-27.370979841798544
-56.76989984512329
-0.1632578819990158
-93.73740202188492
-58.84558939374983
-22.069634404964745
-15.615112382918596
-10.247712359763682
0.363453634083271
-14.833093408029526
-16.521511333063245
-26.993479043245316
11.131020966917276
-126.2573306709528
-78.53985835425556
-33.76189881563187
-58.24427945166826
-379.44476294517517
-157.82874256372452
-132.68527626991272
-216.17291444540024
-207.61462825536728
-24.593792667146772
-4.968492168933153
-33.158927120268345
-17.416274897754192
-95.96246010437608
-0.23959796130657196
-53.98403314128518
-83.04675054550171
-249.87891632318497
-202.00988268852234
-144.51921665668488
-176.45351576805115
-81.87528706714511
-38.831460386514664
-95.5594910979271
-204.244283080101
-103.5491960644722
-98.73212611675262
-97.3257383108139
-209.5025126338005
