-2630
-2662
-2694
-2704
-2614
-2152
-1560
-1436
-1506
-1414
-1348
-1362
-1352
-1446
-1386
-1332
-1314
-1296
-1298
-1294
-1338
-1532
-1618
-1462
-1316
-1302
-1282
-1272
-1274
-1372
-1326
-1268
-1272
-1268
-1250
-1204
-1306
-1180
-1052
-1078
-1160
-1026
-1014
-1036
-932
-866
-884
-844
-748
-780
-756
-730
-812
-828
-696
-618
-646
-670
-636
-628
-570
-592
-750
-672
-656
-660
-558
-570
-660
-702
-652
-606
-608
-600
-544
-510
-406
-352
-452
-482
-520
-570
-456
-458
-342
-304
-362
-328
-314
-430
-564
-444
-426
-344
-354
-336
-352
-520
-762
-538
