0.328
0.34325
0.3415
0.349
0.36875
0.4835
0.5375
0.5295
0.54025
0.53475
0.54025
0.5405
0.52775
0.56875
0.5795
0.56775
0.5715
0.58125
0.5815
0.5705
0.5775
0.5925
0.60825
0.61775
0.60775
0.61525
0.61625
0.6185
0.6185
0.61975
0.61225
0.5905
0.60125
0.605
0.60275
0.59675
0.60275
0.60675
0.6145
0.63475
0.6325
0.63375
0.657
0.67775
0.688
0.70075
0.6785
0.6815
0.67625
0.649
0.67575
0.67075
0.6305
0.50875
0.45475
0.489
0.53525
0.57425
0.59725
0.65
0.65375
0.6345
0.63
0.60475
0.62275
0.64975
0.64825
0.6395
0.64375
0.645
0.6315
0.6025
0.6495
0.6485
0.61825
0.6435
0.6655
0.65975
0.65675
0.6445
0.6625
0.63975
0.58125
0.59925
0.6145
0.6155
0.595
0.585
0.563
0.5695
0.57525
0.58175
0.58525
0.5645
0.50975
0.45325
0.513
0.5525
0.53875
0.52725
0.348
0.148
0.20325
0.228
0.28075
0.25575
0.25725
0.252
0.26775
0.33275
0.36025
0.38875
0.39625
0.374
0.35575
0.38075
0.3815
0.3995
0.375
0.375
0.37525
0.35725
0.3755
0.38525
0.41675
0.421
0.42475
0.42175
0.3955
0.4045
0.43225
0.44775
0.43375
0.38
0.34325
0.34875
0.301
0.2905
0.33925
0.34675
0.38025
0.37125
0.34575
0.3485
0.34225
0.32975
0.3335
0.32075
0.32525
0.34775
