-1376
-1254
-1268
-1208
-1050
-132
300
236
322
278
322
324
222
550
636
542
572
650
652
564
620
740
866
942
862
922
930
948
948
958
898
724
810
840
822
774
822
854
916
1078
1060
1070
1256
1422
1504
1606
1428
1452
1410
1192
1406
1366
1044
70
-362
-88
282
594
778
1200
1230
1076
1040
838
982
1198
1186
1116
1150
1160
1052
820
1196
1188
946
1148
1324
1278
1254
1156
1300
1118
650
794
916
924
760
680
504
556
602
654
682
516
78
-374
104
420
310
218
-1216
-2816
-2374
-2176
-1754
-1954
-1942
-1984
-1858
-1338
-1118
-890
-830
-1008
-1154
-954
-948
-804
-1000
-1000
-998
-1142
-996
-918
-666
-632
-602
-626
-836
-764
-542
-418
-530
-960
-1254
-1210
-1592
-1676
-1286
-1226
-958
-1030
-1234
-1212
-1262
-1362
-1332
-1434
-1398
-1218
