-1494.2218704223633
-1358.6268997192383
-1021.2946605682373
-824.9280319213867
-554.6784772872925
-223.2047667503357
-29.985967680811882
-29.989879708737135
-47.584347665309906
-31.255544990301132
-31.571228612214327
-22.075951278209686
-18.40382341016084
-6.851892024278641
-26.877146986080334
0.38925884506898
-2.1089604410808533
-12.437947078607976
1.4006028827279806
-31.269731830601813
-11.721975862979889
-33.30057494342327
-19.71105468273163
-9.948700670065591
-22.494590878486633
-16.644828885793686
-23.111026868224144
-41.819626212120056
-43.04231269657612
-15.646904721856117
-29.135814364999533
-21.396128561347723
-19.008451519533992
-32.99368269648403
-26.51047056913376
-36.33284664712846
-46.47592491330579
-48.715071596205235
-17.144852846860886
-41.40145678818226
-2.007525283843279
-22.204472098499537
21.26994237676263
-53.667377253994346
-37.56187569350004
-0.42995646595954895
-17.819402888417244
1.6182878436520696
-19.954812474548817
-5.364370174705982
-8.712762454524636
-6.5409349584952
-37.92903637397103
-20.74237510189414
3.272491332143545
-8.613054163753986
-27.250451759435236
-1.8468789658509195
-9.604662955738604
-0.32981026731431484
-21.480763209983706
-12.026675119879656
-6.786971056833863
-9.042503339238465
-12.03166313789552
12.987472942854765
1.555209310958162
8.379639488790417
-15.317994257144164
0.42136261373525485
2.292229406244587
-4.202964622993022
12.47089385567233
-15.736699684639461
-15.998825760325417
-0.03904277895344421
-0.6964702080003917
-8.379685622581746
-16.85264193895273
-9.081192420329899
-5.967633341089822
-15.212196910521016
0.011678760463837534
0.029086289781844243
0.009058078227099031
-0.010349488264182582
-4.981569809300709
0.8789181084794109
-8.046408719921374
0.6026432781384301
-0.018387478897579967
-6.2718438892584345
-0.001981600763656388
-0.0022781814811878576
0.0004900821958244705
-0.007178745990032098
-0.09113772027217237
-0.0060837345658910635
-0.004246718191325272
-0.13944253500073955
-3.9566412922577
-0.1346862137579592
-64.18214342967258
-0.6169889929296914
1.383261709602266
-0.041323185734654544
6.51071375769061
-0.11845670066486491
-5.548686039982385
-6.067524343729019
-0.025029255393349104
-0.09679451472766232
-2.9550887612858787
-0.1011052239464334
-7.55020990211051
-4.2534573305049435
-8.96665428140841
-23.658816855517216
1.8427802253281698
-8.201966172666289
-0.5705675212266215
-1.785452171684483
7.485410241773934
-0.011222104338230565
-0.01422019797610119
-0.06783211149740964
-9.397024539905033
-0.010792028005596421
-0.004222424209046949
-0.000999874859189731
0.003408029317142791
-0.012079316652943817
-0.0032037811058955867
-0.0012200688934171922
-0.008217202032938076
-0.013731448959333648
-0.00013022729399381205
-0.0103503746286151
-0.02717792421753984
-0.13437844143118127
-0.03980762861647236
-10.896127242653165
-19.28756041172892
-18.577546660788357
-0.05875492619816214
9.561906621209346
-13.964130403473973
0.6456513762241229
-0.04304094085819088
0.021607373259030282
