-4184.304443359375
-3768.176902770996
-3712.928482055664
-3513.2274017333984
-3163.1942319869995
-523.8544971346855
604.9705989360809
476.038236618042
662.9301495552063
501.75029692053795
713.9907958507538
766.5535554885864
508.3529530763626
1289.9980535507202
1479.8631134033203
1312.5612950325012
1299.9463920593262
1473.3067836761475
1529.516752243042
1316.291464805603
1386.274242401123
1579.869878768921
1846.7931632995605
2118.616710662842
1863.0867767333984
2046.5811080932617
2093.8658027648926
2193.403648376465
2060.024097442627
1878.6602897644043
1917.6978187561035
1407.2301497459412
1440.856300354004
1667.2552642822266
1884.7924613952637
1742.6995582580566
1705.7135543823242
1678.6173248291016
1856.276439666748
2066.485206604004
1853.5032234191895
1996.4409942626953
2058.109992980957
2155.941017150879
2336.784049987793
2347.061210632324
2274.6314735412598
2191.764114379883
1937.8927192687988
1567.9705276489258
1927.5900344848633
2100.918182373047
1578.1549797058105
75.15717267990112
-541.5283489227295
-92.55286941677332
200.21087712049484
383.6645698547363
461.5280499458313
592.5855579376221
691.754584312439
594.3248414993286
377.40031588077545
255.76322131603956
273.04322576522827
348.7360020875931
296.2133718729019
243.70267528295517
176.37805554270744
154.6184401512146
219.92038238048553
162.0813228711486
197.8570032119751
225.22768853604794
142.86996912956238
156.93269646167755
178.70122784376144
178.05325429141521
195.76944714784622
155.42595446109772
266.59510213136673
191.77902176976204
119.7169258594513
160.46884578466415
194.56068420410156
277.71952986717224
174.47323220968246
108.86632770299911
63.780034244060516
98.30610221624374
170.71749456226826
265.7872639298439
341.6265689134598
221.44793379306793
-51.583561182022095
-339.5384564399719
-83.9676356445998
84.94585794210434
56.1442586183548
-16.756770312786102
-735.2255177497864
-1380.3490982055664
-1082.4142017364502
-1100.852336883545
-894.7406997680664
-859.8097095489502
-1105.455638885498
-1176.8544311523438
-1110.1157131195068
-1340.332675933838
-963.7307186126709
-828.9052925109863
-692.5257120132446
-636.4340810775757
-605.5886063575745
-504.56147718429565
-682.8908891677856
-632.186731338501
-401.16713094711304
-323.6220929324627
-358.52402925491333
-444.8593018054962
-399.64469814300537
-288.52123641967773
-218.19023701548576
-201.62271052598953
-256.9094237089157
-249.52362418174744
-194.17391777038574
-231.87143416702747
-232.65936815738678
-111.00779330730438
-150.56988048553467
-173.00058683007956
-259.63584780693054
-314.5835838317871
-328.4033315181732
-326.2232813835144
-232.79795694351196
-108.64949548244476
-99.17037507146597
-87.56104923039675
-105.39895349740982
-116.84447824954987
-103.40440313518047
-114.14916025102139
-86.04712066054344
-79.84752948582172
-113.67848193645477
-99.55014109611511
