(7, 7, 7, 7, 7):[134, 9, 0][143, 0, 0]
(19, 19, 19, 19, 19):[3, 1, 81][0, 0, 85]
(8, 7, 7, 7, 7):[17, 152, 27][0, 196, 0]
(8, 8, 8, 8, 8):[0, 0, 13][0, 0, 13]
(7, 8, 7, 7, 7):[10, 1, 0][0, 11, 0]
(8, 16, 16, 16, 16):[0, 0, 25][0, 0, 25]
(8, 10, 10, 10, 10):[0, 0, 2][0, 0, 2]
(16, 7, 7, 7, 7):[3, 0, 0][3, 0, 0]
(8, 10, 10, 10, 8):[0, 0, 1][0, 0, 1]
(16, 16, 16, 16, 16):[0, 1, 6][0, 0, 7]
(7, 6, 7, 7, 7):[1, 1, 0][2, 0, 0]
(21, 8, 7, 7, 7):[1, 1, 0][0, 2, 0]
(6, 7, 7, 6, 7):[1, 1, 0][2, 0, 0]
(21, 21, 19, 19, 19):[1, 0, 0][0, 0, 1]
(10, 19, 19, 19, 19):[0, 0, 1][0, 0, 1]
(6, 7, 7, 7, 7):[1, 0, 0][1, 0, 0]
(8, 7, 7, 16, 16):[0, 0, 1][0, 1, 0]
(8, 10, 8, 8, 10):[0, 0, 2][0, 0, 2]
(8, 7, 7, 16, 7):[0, 0, 1][0, 1, 0]
(19, 19, 19, 6, 7):[1, 0, 0][0, 1, 0]
