-4207.500549316406
-3905.156021118164
-3658.8178176879883
-3522.7875938415527
-2726.2230186462402
964.0286664962769
1257.170820236206
1074.346682548523
1128.9597511291504
1166.74560546875
1523.0576400756836
1214.8365478515625
1114.6363468170166
1094.5882015228271
1254.031509399414
1087.4842472076416
1176.6710052490234
1102.9015007019043
794.6116347312927
587.4284434318542
542.7913417816162
86.90831881761551
386.066408932209
646.4418201446533
592.0188455581665
405.51753091812134
507.77818298339844
438.0157449245453
371.045511841774
187.18000429868698
295.9636582136154
330.01677894592285
414.2772681713104
647.5785965919495
696.7453365325928
932.0793886184692
1333.4911766052246
2018.3802452087402
1778.2824592590332
1694.7669982910156
1942.9004516601562
2347.5215606689453
2185.2546768188477
2423.4842529296875
3115.3837814331055
2964.5276260375977
2963.6586303710938
3517.1734924316406
3431.761993408203
3232.5664825439453
2980.585418701172
2394.9940185546875
2501.161178588867
2548.3766174316406
2826.6832962036133
3074.5944442749023
2316.2058486938477
2344.01806640625
1965.430191040039
2114.447364807129
2254.3693466186523
2641.957809448242
2676.4448013305664
2827.0796432495117
2611.8107681274414
2519.4725799560547
2829.2292098999023
2985.0951919555664
2961.606887817383
2894.4206466674805
3023.946014404297
3239.7935943603516
3118.5546646118164
3253.0559692382812
3190.427947998047
3060.343681335449
2693.612289428711
2741.792755126953
2891.8157119750977
2643.547218322754
2465.84317779541
2207.010269165039
1956.2118301391602
1717.3944854736328
1584.3304176330566
1452.8846244812012
1170.4111080169678
1204.1524238586426
1306.6257400512695
1307.7321014404297
1313.5916786193848
1073.4578132629395
766.5627117156982
716.0519886016846
885.5709419250488
1094.7562141418457
898.1877536773682
784.4707527160645
1064.4668464660645
1130.8742866516113
