-1477.0820503234863
-1390.5058898925781
-1046.3733234405518
-1046.5041608810425
-1061.5039901733398
-278.9873461127281
-20.771632806863636
-6.886046381667256
-5.1244279181119055
-10.949758084199857
-8.959690126706846
-3.2618914816412143
-7.845315319011206
-5.879202751151752
-17.837205898860702
-2.0603958867141046
-5.68807269242825
-6.5298850436811335
13.733669105218723
-3.9218229283578694
-11.836292534164386
5.4311621125089005
-1.9615299115685048
-9.045238693011925
0.3461840148520423
-6.3159594386797835
-7.291216434270609
-4.603887729084818
-5.708943143952638
-16.561655953526497
-31.940621435642242
-34.438979119062424
-27.780000150203705
-60.52993759512901
-5.183137454092503
-55.000303864479065
-74.46661531925201
-40.65416792407632
-11.078687358647585
4.376711149234325
-3.449334869161248
-9.053402543708216
0.30629040428902954
1.017177996051032
0.726252511376515
-8.035919468326028
-0.005871523899259046
0.3516437551006675
-3.133275854801468
-2.5122510758956196
11.583941946097184
-0.2980019578244537
0.03808738413499668
-0.5691036859789165
-1.6630504558997927
-0.6341068386973348
0.32642136355570983
1.7624452514282893
-1.3986054028500803
1.8636893731745658
-3.3494027751294198
-0.8758826346165733
-3.474287273857044
-0.818056380841881
0.08085078583098948
0.8551254740877994
-3.468714031205309
0.13488321310069296
0.07579932070711948
-0.21304553400841542
-0.19153524485591333
1.5498098890493566
2.6712962589372182
-0.9089526058578485
-0.44099332353653153
-0.4278308088105405
-2.601035186322406
-0.6997165921056876
-2.4900189171421516
-8.599204346548504
-0.21938604983733967
-4.837300207162116
-2.03944710813812
-1.475834707271133
1.4190535321413336
0.0027086330624115362
0.004849120186918299
-0.037606371219226276
1.2040971586466185
0.9793264297841233
-6.980036173124972
2.2339251685189083
-1.3362743917386979
0.11544655518810032
3.4592137523868587
0.10916708866716363
-0.05336311231076252
-0.16097921412438154
1.8599652512530156
-3.019623876316473
