0.3295
0.34025
0.34825
0.34775
0.39075
0.57275
0.614
0.62075
0.6285
0.6355
0.63975
0.6425
0.6475
0.64025
0.645
0.63775
0.63925
0.63175
0.62725
0.64975
0.645
0.5965
0.63425
0.6315
0.62175
0.61325
0.61075
0.6195
0.63
0.6195
0.6385
0.64725
0.65025
0.66125
0.67075
0.70775
0.70525
0.7185
0.75075
0.77425
0.72975
0.73725
0.7615
0.78725
0.80925
0.825
0.8365
0.849
0.862
0.8625
0.86375
0.8485
0.86
0.85975
0.86475
0.873
0.86725
0.89625
0.88275
0.8935
0.8865
0.88975
0.87975
0.87025
0.89025
0.8875
0.90625
0.90675
0.9035
0.88125
0.87775
0.896
0.893
0.897
0.91175
0.918
0.909
0.909
0.90425
0.871
0.89325
0.89
0.89425
0.8905
0.92
0.91475
0.90425
0.895
0.87975
0.8745
0.86675
0.8775
0.891
0.897
0.90125
0.90525
0.892
0.85
0.79925
0.8235
