-4707.470123291016
-4708.607818603516
-4601.923278808594
-4375.716110229492
-4691.951141357422
-4585.471908569336
-4316.764343261719
-3423.832000732422
-2266.5284271240234
-1523.586627960205
-928.8946132659912
-404.4968190193176
-189.55852454900742
-133.41827341914177
-56.639375418424606
-50.43712930381298
-29.272504970431328
-21.930460423231125
-21.40720571577549
-5.756027530878782
-37.971464559435844
-33.25472564250231
-36.97436388023198
-10.79396181757329
-10.545208198658656
-0.7576182526681805
-9.516752146009821
-2.230689200834604
-11.961153708281927
-0.28111676148546394
-6.666273391136201
-13.584948857693234
-2.7941194697741594
-7.535276654978588
-6.869392170070796
-3.8810644665431937
-9.802261192186052
-3.1972949059427265
-19.39344714069739
-4.77264128671959
-20.351643569087173
-8.74045785825001
-9.147838693170343
-7.820313098403858
-13.516721491352655
-7.0912323962838855
-2.2527273559826426
-12.097638690494932
-0.06166808865964413
-8.506307189585641
-11.156504858514381
-0.0005624969994642015
-2.077334287497706
-0.10481722411736882
-2.41882575888809
-7.190614066278613
-16.604721480747685
-14.780445919323142
-0.0009796953445402323
-7.074973018461606e-05
0.00017249628081117407
-2.4079026843537576e-05
-1.62697378982557e-05
0.5377731445114478
0.0018968934789427294
-1.160685684452119
-0.7524745873542997
-0.10448552714660764
-30.27514585480094
-33.74388859421015
-45.567093163728714
-40.580144323408604
-1.5873248279094696
-30.975944705307484
-18.566996481269598
-9.791117841959931
-0.013965466991066933
-0.010648006951669231
-0.009097285277675837
-0.011171451158588752
-2.451439490978373
-0.0075824476953130215
-0.007567057356936857
-0.008703093160875142
-2.2714992013352457
-0.24032414058456197
-4.0637047158088535
-6.813216338006896
-11.360975356772542
-8.09904418908991
-4.261861054590554
-29.47659582598135
-56.88967189192772
-106.19710904359818
8.896902257576585
-8.695807732641697
-17.18150470405817
-138.54209722578526
-115.66623923182487
-31.18960099108517
-9.51770628336817
-0.10357113275676966
-0.10353262349963188
-0.12078727316111326
-0.14993811910972
-0.21292005572468042
-0.18233553227037191
-0.0995285795070231
-3.911164495162666
-13.494446591939777
-88.83904254063964
-41.35273504443467
-67.42673751339316
-42.900324316113256
-8.639322597533464
-25.191614717245102
-109.31522588431835
-65.37733283638954
-126.83971581980586
-8.931498248246498
-0.09152659500250593
-10.685606323298998
0.33833316267919145
-0.022456749866250902
-0.0316957969480427
-0.04837753204628825
-10.614087770401966
-0.004984029568731785
-0.004831326092244126
-0.004358654725365341
-0.004231646205880679
-0.00752551502228016
-0.005754304569563828
-0.20699206172139384
-0.00998520859866403
-0.04580037435516715
-8.37699372926727
-6.3800158072263
-9.425845779536758
0.9610085255408194
-0.2966029952367535
-7.512588858080562
-11.896935699915048
-80.08912605246587
0.3602237476516166
-0.09238202635469861
-7.6382338936605265
-12.2329948623169
-0.00015598537038385984
-0.3935252805408709
