-2676
-2702
-2708
-2550
-2674
-2670
-2518
-1996
-1666
-1534
-1480
-1560
-1392
-1372
-1438
-1322
-1318
-1290
-1276
-1272
-1276
-1306
-1300
-1324
-1284
-1288
-1308
-1316
-1424
-1312
-1328
-1338
-1350
-1344
-1350
-1662
-1756
-1574
-1450
-1346
-1344
-1348
-1392
-1308
-1334
-1292
-1288
-1304
-1320
-1346
-1334
-1336
-1316
-1378
-1334
-1366
-1388
-1294
-1288
-1278
-1290
-1284
-1286
-1290
-1280
-1290
-1276
-1274
-1308
-1374
-1322
-1320
-1324
-1414
-1400
-1322
-1310
-1306
-1306
-1312
-1308
-1298
-1316
-1310
-1312
-1330
-1310
-1296
-1300
-1282
-1278
-1272
-1274
-1276
-1272
-1272
-1268
-1264
-1328
-1342
-1312
-1378
-1392
-1394
-1382
-1406
-2092
-2634
-2652
-2760
-2674
-2354
-2146
-1858
-1860
-1808
-1728
-1528
-1510
-1708
-1786
-1740
-1922
-2224
-2144
-1578
-1520
-1418
-1440
-1444
-1494
-1524
-1430
-1432
-1392
-1366
-1410
-1468
-1538
-1782
-2126
-1550
-1452
-1472
-1288
-1286
-1318
-1326
-1292
-1418
