0.1655
0.16225
0.1615
0.18125
0.16575
0.16625
0.18525
0.2505
0.29175
0.30825
0.315
0.305
0.326
0.3285
0.32025
0.33475
0.33525
0.33875
0.3405
0.341
0.3405
0.33675
0.3375
0.3345
0.3395
0.339
0.3365
0.3355
0.322
0.336
0.334
0.33275
0.33125
0.332
0.33125
0.29225
0.2805
0.30325
0.31875
0.33175
0.332
0.3315
0.326
0.3365
0.33325
0.3385
0.339
0.337
0.335
0.33175
0.33325
0.333
0.3355
0.32775
0.33325
0.32925
0.3265
0.33825
0.339
0.34025
0.33875
0.3395
0.33925
0.33875
0.34
0.33875
0.3405
0.34075
0.3365
0.32825
0.33475
0.335
0.3345
0.32325
0.325
0.33475
0.33625
0.33675
0.33675
0.336
0.3365
0.33775
0.3355
0.33625
0.336
0.33375
0.33625
0.338
0.3375
0.33975
0.34025
0.341
0.34075
0.3405
0.341
0.341
0.3415
0.342
0.334
0.33225
0.336
0.32775
0.326
0.32575
0.32725
0.32425
0.2385
0.17075
0.1685
0.155
0.16575
0.20575
0.23175
0.26775
0.2675
0.274
0.284
0.309
0.31125
0.2865
0.27675
0.2825
0.25975
0.222
0.232
0.30275
0.31
0.32275
0.32
0.3195
0.31325
0.3095
0.32125
0.321
0.326
0.32925
0.32375
0.3165
0.30775
0.27725
0.23425
0.30625
0.3185
0.316
0.339
0.33925
0.33525
0.33425
0.3385
0.32275
