-8139.7762451171875
-8022.745574951172
-7868.654266357422
-7369.709381103516
-7676.972839355469
-7488.595611572266
-6697.506134033203
-5262.785247802734
-4469.571426391602
-3909.403121948242
-3307.726448059082
-3157.2163314819336
-3199.715934753418
-3664.508529663086
-3793.6220092773438
-3792.3126373291016
-3212.019317626953
-2626.112503051758
-1896.5082969665527
-1689.4080848693848
-1698.4609069824219
-2201.994094848633
-2617.696731567383
-2205.6869354248047
-1984.5510025024414
-1595.0896110534668
-1374.2760429382324
-1224.9981079101562
-1683.5432357788086
-1579.0853061676025
-2097.7496948242188
-1961.4312858581543
-2209.4127883911133
-1864.5122451782227
-2316.671028137207
-3203.3576126098633
-3971.6741790771484
-3390.353614807129
-3057.5639038085938
-2660.2907485961914
-2669.023597717285
-2024.2761459350586
-1825.4069519042969
-1204.648941040039
-1245.6880149841309
-1145.4269180297852
-1715.5227737426758
-1246.5802669525146
-1167.5017318725586
-1830.372917175293
-2072.217971801758
-2319.5539512634277
-3177.6848754882812
-2387.0804748535156
-2463.7038192749023
-1472.656120300293
-1994.509033203125
-2992.199935913086
-3073.6987075805664
-2254.457996368408
-1227.5735359191895
-1087.9966201782227
-1240.8054237365723
-1921.698501586914
-3667.887725830078
-4321.424026489258
-4667.627166748047
-4388.918243408203
-4449.493316650391
-4261.8701171875
-4338.905136108398
-4614.814254760742
-4352.136306762695
-4343.835678100586
-4199.301239013672
-3924.835250854492
-3763.727798461914
-3758.009552001953
-3892.572738647461
-3720.664291381836
-4005.2476654052734
-3860.008346557617
-3753.077590942383
-3928.484130859375
-3947.480178833008
-3982.3397216796875
-4204.331695556641
-4174.702117919922
-4099.760665893555
-3751.362106323242
-3861.904495239258
-3623.2380981445312
-3603.571090698242
-3553.4947662353516
-3322.3755111694336
-3343.557586669922
-3572.717819213867
-4218.172943115234
-4222.570053100586
-4293.827911376953
-3992.845184326172
-4253.869125366211
-4146.900253295898
-3956.5055236816406
-3704.8409881591797
-3572.5155639648438
-1904.8603057861328
-610.3277587890625
-518.5327925682068
-2327.1338806152344
-3066.8268814086914
-2405.034999847412
-1949.142433166504
-1446.1441059112549
-1708.1210556030273
-2222.624885559082
-2575.930839538574
-2169.6781158447266
-1912.6086959838867
-1701.768009185791
-1240.4304027557373
-1028.9116249084473
-805.9537925720215
-658.0091619491577
-885.5911798477173
-909.9054412841797
-842.7771625518799
-971.8127422332764
-1194.8648300170898
-1055.204454421997
-1077.9935302734375
-1535.9973258972168
-1507.1382026672363
-1613.302806854248
-1831.650032043457
-1735.0694198608398
-2115.593330383301
-2402.527862548828
-2990.2951583862305
-2705.200813293457
-2669.1320152282715
-2570.3586196899414
-2478.5470809936523
-2022.184799194336
-1391.8063697814941
-1637.542812347412
-1695.6593399047852
-1510.049747467041
-1382.3789367675781
-1406.7300300598145
